 7564 1260
  7563 1270
  7588 1280
  7587 1290
  7558 1300
  7557 1310
  7579 1320
  7578 1330
  7601 1340
  7600 1350
  7572 2760
  7585 2770
  7598 2780
  7561 2790
  7573 2800
  7586 2810
  7599 2820
  7562 2830
  7575 2840
  7589 2850
  7593 4260
  7554 4270
  7569 4280
  7582 4290
  7595 4300
  7556 4310
  7571 4320
  7584 4330
  7597 4340
  7560 4350
  7592 5760
  7553 5770
  7568 5780
  7581 5790
  7594 5800
  7555 5810
  7570 5820
  7583 5830
  7596 5840
  7559 5850
  7565 7260
  7576 7270
  7590 7280
  7551 7290
  7566 7300
  7577 7310
  7591 7320
  7552 7330
  7567 7340
  7580 7350
  7574 7420
  7574 7430
  7574 7440
  7574 7450
 